Total:(2(n-1)(n-1))+(2(n-1)(n-1))+((n+1)*(n-1))+n+1+1= 5n^2-7n+9

sum <- 0                          // 1
for i <- 0 to n-1 do              // n+1
    for j <- 0 to n-1 do          // (n+1)(n-1) = n^2-1
        sum <- sum + 1            // 2(n-1)(n-1) = 2n^2-4n+4
        increment counter i       // 2(n-1)(n-1) = 2n^2-4n+4